4080 4475236 284 49.41 113853 13.81
4081 4477343 323 58.48 113873 13.81
4082 4481509 384 80.08 113890 13.81
4083 4483431 369 73.42 113907 13.81
4084 4483719 209 35.61 113924 13.81
4085 4483902 209 35.61 113941 13.81
4086 4485875 204 34.73 113958 13.81
4087 4486651 319 57.64 113975 13.81
4088 4490324 240 41.21 113992 13.16
4089 4490760 326 59.13 114009 13.16
4090 4492508 313 56.02 114026 13.81
4091 4493272 103 22.23 114043 13.81
4092 4495203 399 87.30 114060 13.81
4093 4495241 371 73.82 114077 13.81
4094 4498375 316 56.81 114094 13.81
4095 4500647 225 38.48 114114 13.81
4096 4502996 295 51.75 114131 13.81
4097 4503069 384 80.08 114148 13.81
4098 4506918 231 39.55 114165 13.81
4099 4507607 255 43.96 114182 13.81
4100 4507873 323 58.48 114199 13.81
4101 4514940 275 47.73 114216 13.81
4102 4516319 263 45.37 114233 13.81
4103 4517564 248 42.69 114250 13.81
4104 4517869 243 41.74 114267 13.81
4105 4520645 287 50.23 114284 13.81
4106 4522749 78 19.92 114301 13.81
4107 4527720 172 29.49 114318 13.81
4108 4530453 112 22.94 114335 13.81
4109 4531801 414 93.93 114355 13.81
4110 4536660 480 130.21 114372 13.81
4111 4544746 280 48.67 114390 13.81
4112 4550489 536 160.18 114407 13.81
4113 4550512 339 62.98 114425 13.81
4114 4551177 327 59.28 114442 13.16
4115 4552305 48 15.29 114459 12.84
4116 4556247 252 43.42 114476 13.81
4117 4557571 44 14.51 114494 13.38
4118 4558369 423 97.36 114511 13.81
4119 4566327 248 42.69 114528 13.81
4120 4568423 236 40.44 114546 13.81
4121 4568818 211 35.96 114564 13.81
4122 4569773 339 62.98 114581 13.81
4123 4571297 304 53.73 114610 13.81
4124 4573512 184 31.36 114627 13.81
4125 4582449 417 95.20 114644 13.81
4126 4584494 423 97.36 114661 13.81
4127 4584727 337 62.30 114678 13.81
4128 4584876 216 36.85 114695 13.49
4129 4586560 304 53.73 114712 13.81
